
14 5 2
14 15 2
14 25 2

15 11 11
15 3 10
15 5 7
15 19 10
15 16 17
15 19 21
15 19 27


2 9 10 2

13 23 21 1
13 23 22 1
13 24 21 1
13 24 22 1
13 25 21 1
13 26 22 1
13 25 22 1
13 26 21 1



1 29 29 5
1 1 27 5
1 1 26 5
1 29 28 5
1 23 28 5
1 7 28 5
1 7 29 5
1 28 7 5
1 29 7 5
1 11 13 5
1 12 13 5


0 1 5 83
0 2 5 83
0 3 5 83
0 4 5 83
0 5 5 83
0 6 5 83
0 7 5 83
0 8 5 83
0 9 5 83
0 10 5 83
0 11 5 83
0 12 5 83
0 13 5 83
0 14 5 83
0 15 5 83
0 16 5 83
0 17 5 83
0 18 5 83
0 19 5 83
0 20 5 0
0 21 5 83
0 22 5 83
0 23 5 83
0 24 5 83
0 25 5 83
0 26 5 83
0 27 5 83
0 28 5 83
0 29 5 83

0 10 1 0
0 10 2 0
0 10 3 0
0 10 4 0
0 10 5 0

1 25 20 86



0 10 1 0
0 10 2 0
0 10 3 0
0 10 4 0
0 10 5 0

0 20 1 0
0 20 2 0
0 20 3 0
0 20 4 0
0 20 5 0

0 1 12 0
0 2 12 0
0 3 12 0
0 4 12 0
0 5 12 0
0 6 12 0
0 7 12 0
0 8 12 0
0 9 12 0
0 10 12 0
0 11 12 0
0 12 12 0
0 13 12 0



0 1 18 0
0 2 18 0
0 3 18 0
0 4 18 0
0 5 18 0
0 6 18 0

0 6 13 0
0 6 14 0
0 6 15 0
0 6 16 0
0 6 17 0

0 13 13 0
0 13 14 0
0 13 15 0
0 13 16 0
0 13 17 0

0 13 20 0
0 13 21 0
0 13 22 0
0 13 23 0
0 13 24 0
0 13 25 0
0 13 26 0
0 13 27 0
0 13 28 0
0 13 29 0

0 20 12 0
0 20 13 0
0 20 14 0
0 20 15 0
0 20 17 0
0 20 18 0
0 20 19 0
0 20 20 0
0 20 21 0
0 20 22 0
0 20 23 0
0 20 25 0
0 20 26 0
0 20 27 0
0 20 28 0
0 20 29 0


0 20 12 0
0 21 12 0
0 22 12 0
0 23 12 0
0 24 12 0
0 25 12 0
0 26 12 0
0 27 12 0
0 28 12 0
0 29 12 0

0 20 18 0
0 21 18 0
0 22 18 0
0 23 18 0
0 24 18 0
0 25 18 0
0 26 18 0
0 27 18 0
0 28 18 0
0 29 18 0



1 23 21 1
1 24 21 1
1 25 21 1
1 26 21 1

1 5 25 1
1 6 25 1
1 5 26 1
1 6 26 1
1 7 25 1
1 7 26 1

0 24 14 1
0 27 14 1

1 5 23 82
1 24 24 82
1 25 24 82
1 26 24 82
1 27 24 82

0 9 1 84
0 19 1 84
0 29 1 84

1 1 1 1
1 1 2 1
1 11 1 1
1 11 2 1
1 21 1 1
1 21 2 1


6 3 10 39
6 4 10 39
6 3 11 39
6 3 13 39
6 4 13 39
6 3 17 39
6 5 20 39
3 5 16 40
3 5 17 40    
6 2 22 39
6 15 27 39
6 18 28 39
5 4 17 38
5 4 16 38

11 24 14 1
11 24 15 1
11 27 14 1
11 27 15 1


